-6.506017595529556274e-02
1.271270662546157837e-01
6.139288842678070068e-02
-3.236059844493865967e-02
-4.180774092674255371e-03
-2.501301467418670654e-03
-1.105575114488601685e-01
-6.927623599767684937e-02
1.841743886470794678e-01
-1.565142273902893066e-01
2.699317634105682373e-01
7.591190189123153687e-02
-2.242368459701538086e-01
-1.275364309549331665e-01
8.432747423648834229e-02
1.568053960800170898e-01
-2.378828525543212891e-01
-8.583903312683105469e-02
-1.063855290412902832e-01
-7.414792478084564209e-02
-1.627113670110702515e-03
-1.123778801411390305e-02
6.900929659605026245e-02
5.800959467887878418e-02
-8.778504282236099243e-02
-3.910607397556304932e-01
-5.725372955203056335e-02
-1.354314237833023071e-01
2.087456174194812775e-03
-1.744385361671447754e-01
-9.842200577259063721e-02
-2.841901779174804688e-02
-1.792178153991699219e-01
-9.818218648433685303e-02
-1.316936314105987549e-02
-1.169684529304504395e-02
-1.284536719322204590e-02
-2.221340686082839966e-02
1.844564378261566162e-01
4.073128849267959595e-02
-1.303739547729492188e-01
6.139189004898071289e-02
-1.641024649143218994e-02
2.202034443616867065e-01
2.473022937774658203e-01
1.116418316960334778e-01
2.194382995367050171e-02
-5.414213240146636963e-02
1.385874450206756592e-01
-2.383237034082412720e-01
4.806387424468994141e-02
1.719561368227005005e-01
8.298353105783462524e-02
3.280901908874511719e-02
9.897410869598388672e-02
-2.046300172805786133e-01
-2.273586392402648926e-02
9.106138348579406738e-02
-8.747688680887222290e-02
5.406231060624122620e-02
4.302253574132919312e-02
-7.158323377370834351e-02
2.835946902632713318e-02
4.925569891929626465e-02
2.056111395359039307e-01
5.224936828017234802e-02
-1.085152328014373779e-01
-4.256391525268554688e-02
1.128400489687919617e-01
-3.243226557970046997e-02
-8.802086114883422852e-03
-1.427209749817848206e-02
-1.809127777814865112e-01
-2.320480644702911377e-01
-2.574007809162139893e-01
5.750824511051177979e-02
3.364236652851104736e-01
1.934229284524917603e-01
-1.991227716207504272e-01
8.512027561664581299e-04
-1.648801267147064209e-01
1.659356057643890381e-02
6.854226440191268921e-02
5.855420231819152832e-02
-4.259000718593597412e-02
-9.075030684471130371e-02
-8.302579820156097412e-02
5.284243822097778320e-02
1.123094856739044189e-01
4.608430713415145874e-02
-2.153787389397621155e-02
2.110424935817718506e-01
-4.030282050371170044e-02
5.461525171995162964e-02
8.712261915206909180e-04
9.477250277996063232e-03
-1.479264646768569946e-01
-2.724152058362960815e-02
-1.625047028064727783e-01
-5.417314916849136353e-02
-1.149623095989227295e-02
-1.826059818267822266e-02
-1.916691660881042480e-03
1.185910850763320923e-01
-1.942813098430633545e-01
7.538019865751266479e-02
-3.928393125534057617e-04
-1.601275242865085602e-02
-8.157655596733093262e-03
1.152302920818328857e-01
-8.788000047206878662e-02
-5.608783662319183350e-02
6.912396103143692017e-02
-2.159792035818099976e-01
2.359090447425842285e-01
2.797952890396118164e-01
3.669461235404014587e-02
1.639871299266815186e-01
7.071057707071304321e-02
5.298423022031784058e-02
-2.136505395174026489e-02
-2.924439311027526855e-02
-1.570242941379547119e-01
-9.224978089332580566e-02
2.850701287388801575e-02
7.831718772649765015e-02
8.701385557651519775e-02
-1.631129533052444458e-03
